version = 'MMult_1x4_8';
MY_MMult = [
40 0.612440 0.000004 
80 0.513026 0.000008 
120 0.162398 0.000015 
160 0.161939 0.000013 
200 0.161740 0.000027 
240 0.162069 0.000023 
280 0.159844 0.000031 
320 0.049097 0.000025 
360 0.146116 0.000031 
400 0.146551 0.000044 
];
