version = 'MMult_1x4_4';
MY_MMult = [
40 2.331512e-01 0.000000e+00 
80 2.270007e-01 0.000000e+00 
120 1.137591e-01 0.000000e+00 
160 1.586705e-01 0.000000e+00 
200 1.107435e-01 0.000000e+00 
240 1.404115e-01 0.000000e+00 
280 1.100155e-01 0.000000e+00 
320 1.295829e-02 0.000000e+00 
360 9.294172e-02 0.000000e+00 
400 8.070231e-02 0.000000e+00 
440 4.974559e-02 0.000000e+00 
480 1.295331e-02 0.000000e+00 
520 2.553258e-02 0.000000e+00 
560 1.585148e-02 0.000000e+00 
600 1.257995e-02 0.000000e+00 
640 1.188610e-02 0.000000e+00 
680 1.221526e-02 0.000000e+00 
720 1.106684e-02 0.000000e+00 
760 1.101416e-02 0.000000e+00 
800 1.135787e-02 0.000000e+00 
];
