version = 'MMult2';
MY_MMult = [
40 2.335766e-01 0.000000e+00 
80 2.230451e-01 0.000000e+00 
120 1.143878e-01 0.000000e+00 
160 1.580643e-01 0.000000e+00 
200 1.051960e-01 0.000000e+00 
240 1.461952e-01 0.000000e+00 
280 1.082905e-01 0.000000e+00 
320 1.292727e-02 0.000000e+00 
360 9.283954e-02 0.000000e+00 
400 8.088018e-02 0.000000e+00 
440 4.983199e-02 0.000000e+00 
480 1.295775e-02 0.000000e+00 
520 2.556305e-02 0.000000e+00 
560 1.592069e-02 0.000000e+00 
600 1.265334e-02 0.000000e+00 
640 1.188688e-02 0.000000e+00 
680 1.226180e-02 0.000000e+00 
720 1.110554e-02 0.000000e+00 
760 1.102879e-02 0.000000e+00 
800 1.136412e-02 0.000000e+00 
];
