version = 'MMult1';
MY_MMult = [
40 2.628851e-01 0.000000e+00 
80 1.815833e-01 0.000000e+00 
120 1.196354e-01 0.000000e+00 
160 2.785275e-02 0.000000e+00 
200 1.174752e-01 0.000000e+00 
];
