version = 'MMult_1x4_9';
MY_MMult = [
40 0.615385 0.000004 
80 0.512000 0.000010 
120 0.162551 0.000013 
160 0.162067 0.000023 
200 0.161623 0.000023 
240 0.162161 0.000025 
280 0.159860 0.000031 
320 0.049101 0.000034 
360 0.145192 0.000031 
400 0.146123 0.000038 
];
