version = 'MMult0';
MY_MMult = [
40 2.683438e-01 0.000000e+00 
80 2.586512e-01 0.000000e+00 
120 1.185388e-01 0.000000e+00 
160 1.768490e-01 0.000000e+00 
200 1.147702e-01 0.000000e+00 
240 1.592911e-01 0.000000e+00 
280 1.151910e-01 0.000000e+00 
320 1.300898e-02 0.000000e+00 
360 9.588202e-02 0.000000e+00 
400 8.345798e-02 0.000000e+00 
440 5.317562e-02 0.000000e+00 
480 1.296522e-02 0.000000e+00 
520 2.642720e-02 0.000000e+00 
560 1.585474e-02 0.000000e+00 
600 1.262973e-02 0.000000e+00 
640 1.188693e-02 0.000000e+00 
680 1.229812e-02 0.000000e+00 
720 1.109362e-02 0.000000e+00 
760 1.101086e-02 0.000000e+00 
800 1.135275e-02 0.000000e+00 
];
