version = 'MMult1';
MY_MMult = [
40 2.158516e-01 0.000000e+00 
80 2.496343e-01 0.000000e+00 
120 1.181256e-01 0.000000e+00 
160 1.768834e-01 0.000000e+00 
200 1.164399e-01 0.000000e+00 
240 1.510836e-01 0.000000e+00 
280 1.155968e-01 0.000000e+00 
320 1.300790e-02 0.000000e+00 
360 9.766073e-02 0.000000e+00 
400 8.462720e-02 0.000000e+00 
440 5.347163e-02 0.000000e+00 
480 1.284692e-02 0.000000e+00 
520 2.644715e-02 0.000000e+00 
560 1.569813e-02 0.000000e+00 
600 1.260817e-02 0.000000e+00 
640 1.193309e-02 0.000000e+00 
680 1.221958e-02 0.000000e+00 
720 1.107755e-02 0.000000e+00 
760 1.099903e-02 0.000000e+00 
800 1.134482e-02 0.000000e+00 
];
