version = 'MMult0';
MY_MMult = [
40 2.630995e-01 0.000000e+00 
80 1.838931e-01 0.000000e+00 
120 1.195086e-01 0.000000e+00 
160 2.754687e-02 0.000000e+00 
200 1.180182e-01 0.000000e+00 
];
