version = 'MMult2';
MY_MMult = [
40 2.342484e-01 0.000000e+00 
80 1.675582e-01 0.000000e+00 
120 1.134863e-01 0.000000e+00 
160 2.576101e-02 0.000000e+00 
200 1.105969e-01 0.000000e+00 
];
