version = 'MMult_1x4_5';
MY_MMult = [
40 3.232323e-01 0.000000e+00 
80 3.143998e-01 0.000000e+00 
120 1.183602e-01 0.000000e+00 
160 2.220536e-01 0.000000e+00 
200 1.295232e-01 0.000000e+00 
240 1.797262e-01 0.000000e+00 
280 1.282412e-01 0.000000e+00 
320 4.543101e-02 0.000000e+00 
360 1.205139e-01 0.000000e+00 
400 1.204114e-01 0.000000e+00 
440 9.785888e-02 0.000000e+00 
480 4.583031e-02 0.000000e+00 
520 6.493889e-02 0.000000e+00 
560 5.258762e-02 0.000000e+00 
600 4.285901e-02 0.000000e+00 
640 4.156625e-02 0.000000e+00 
680 4.236402e-02 0.000000e+00 
720 4.002772e-02 0.000000e+00 
760 3.943859e-02 0.000000e+00 
800 4.018239e-02 0.000000e+00 
];
