version = 'MMult1';
MY_MMult = [
40 2.700422e-01 0.000000e+00 
80 2.480620e-01 0.000000e+00 
120 1.177392e-01 0.000000e+00 
];
