version = 'MMult_1x4_7';
MY_MMult = [
40 0.609524 0.000004 
80 0.543236 0.000008 
120 0.154265 0.000010 
160 0.298575 0.000015 
200 0.156247 0.000023 
240 0.258163 0.000023 
280 0.156553 0.000031 
320 0.048501 0.000034 
360 0.140946 0.000031 
400 0.143720 0.000046 
];
