version = 'MMult_1x4_3';
MY_MMult = [
40 2.357274e-01 0.000000e+00 
80 2.258491e-01 0.000000e+00 
120 1.122843e-01 0.000000e+00 
160 1.553663e-01 0.000000e+00 
200 1.107933e-01 0.000000e+00 
240 1.455610e-01 0.000000e+00 
280 9.191821e-02 0.000000e+00 
320 1.298794e-02 0.000000e+00 
360 9.292885e-02 0.000000e+00 
400 8.057739e-02 0.000000e+00 
440 4.991095e-02 0.000000e+00 
480 1.296504e-02 0.000000e+00 
520 2.559783e-02 0.000000e+00 
560 1.577778e-02 0.000000e+00 
600 1.260860e-02 0.000000e+00 
640 1.188608e-02 0.000000e+00 
680 1.221944e-02 0.000000e+00 
720 1.110779e-02 0.000000e+00 
760 1.101011e-02 0.000000e+00 
800 1.134668e-02 0.000000e+00 
];
