version = 'MMult_1x4_6';
MY_MMult = [
40 0.556522 0.000004 
80 0.506429 0.000010 
120 0.150976 0.000011 
160 0.276570 0.000017 
200 0.152127 0.000019 
240 0.247678 0.000027 
280 0.150190 0.000038 
320 0.044695 0.000023 
360 0.139047 0.000038 
400 0.140543 0.000046 
];
