version = 'MMult0';
MY_MMult = [
40 2.672234e-01 0.000000e+00 
80 2.538423e-01 0.000000e+00 
120 1.179764e-01 0.000000e+00 
];
